Teamname,CoachNames,CaptainNames,Formation
Aston Villa," Unai Emery"," John McGinn",4-4-1-1
